変数                                 OLS       IV_BLP
const                        -7.5571      -9.5480
                          (  0.1854)   (  0.2389)
price                        -0.3073      -0.6542
                          (  0.0239)   (  0.0529)
log_inside_share              0.7820       0.5951
                          (  0.0116)   (  0.0353)
hppw                         10.6364      18.9249
                          (  0.8487)   (  1.9649)
FuelEfficiency                0.0551       0.0691
                          (  0.0040)   (  0.0063)
size                          0.1557       0.2275
                          (  0.0073)   (  0.0122)
