
N_max=6
     estimates             se
     55.578623            nan
     33.290971     0.53529113
      9.320431     0.52162552
      4.226974     0.32233779
      2.322138     0.24110679
      1.794860     0.23168195
      1.404724     0.00370952

N_max=7
     estimates             se
     55.630151            nan
     34.200960     0.57799863
      8.112260     0.47394237
      4.163665     0.31904401
      2.447400     0.25299947
      1.534422     0.20321836
      1.440086     0.20473189
      1.424083     0.03617850

N_max=8
     estimates             se
     56.687595            nan
     34.926649     0.59588004
      8.166219     0.47707845
      4.232827     0.32358279
      2.477931     0.25589331
      1.574243     0.20789785
      1.389865     0.19846765
      0.814067     0.16238158
      1.445959     0.03580946

N_max=9
     estimates             se
     59.955946     0.00002183
     37.629936     0.51758980
      8.339902     0.48444488
      4.294268     0.32603576
      2.495326     0.25639006
      1.589460     0.20912631
      1.418344     0.20145434
      0.811743     0.16176452
      0.918204     0.17370208
      1.489963     0.00053850

N_max=10
     estimates             se
     57.521373            nan
     35.403077     0.51199279
      8.214217     0.47741843
      4.232376     0.32202563
      2.507382     0.25726065
      1.552036     0.20471960
      1.376797     0.19627180
      0.795594     0.15883977
      0.922575     0.17454822
      0.493695     0.13771531
      1.477099            nan
