
N_max=6
       S_N    s_N=S_N/N    s_{N+1}/s_N
     25274        25274       1.246854
     63027        31513       1.145845
    108328        36109       1.112714
    160719        40179       1.089450
    218868        43773       1.156855
    303839        50639             NA

N_max=7
       S_N    s_N=S_N/N    s_{N+1}/s_N
     25599        25599       1.297980
     66455        33227       1.072772
    106937        35645       1.091177
    155581        38895       1.091966
    212363        42472       1.080594
    275374        45895       1.187951
    381652        54521             NA

N_max=8
       S_N    s_N=S_N/N    s_{N+1}/s_N
     25507        25507       1.302505
     66447        33223       1.067122
    106361        35453       1.089104
    154451        38612       1.087978
    210047        42009       1.080411
    272322        45387       1.161059
    368880        52697       1.104351
    465568        58196             NA

N_max=9
       S_N    s_N=S_N/N    s_{N+1}/s_N
     24850        24850       1.342777
     66736        33368       1.064193
    106531        35510       1.082315
    153733        38433       1.077381
    207039        41407       1.069578
    265730        44288       1.147376
    355709        50815       1.085329
    441213        55151       1.220848
    605980        67331             NA

N_max=10
       S_N    s_N=S_N/N    s_{N+1}/s_N
     25679        25679       1.300284
     66781        33390       1.060527
    106234        35411       1.078196
    152723        38180       1.079990
    206174        41234       1.063807
    263190        43865       1.135757
    348743        49820       1.077379
    429402        53675       1.214662
    586774        65197       1.119561
    729927        72992             NA
